5.7743    6.7638    5.2230   10.0000    3.9506   10.0000   10.0000    5.3635    3.1670
4.0961    6.6175    3.0886    9.0322    3.9202    6.4967    7.3207    4.7151    4.4116
4.1782    6.5072    5.1422    1.9504    3.6864    2.0713    5.1531    3.1288    3.6177
1.6809    7.4700    2.3463    5.4640    6.8345    1.8454    5.0745   10.0000    4.2830
8.3530    9.9908    6.1991    1.5216    3.8224    1.7308    3.0644    5.1655   10.0000
1.8163    6.2394    1.3561    3.5523    2.4900    2.1229    6.9353    6.2977    3.7807
3.8931    7.0899    4.7284    1.6033    3.6194    1.6499    5.2276    2.3473    2.9978
3.4048    5.7036    5.0401    5.9419    9.2219    2.4930    5.3065    4.4701    4.8807
3.6427    6.9776    3.5272    1.3968    3.1156    1.3848    4.6145    6.7318    4.3128
3.5463    6.7693    3.2239    4.5755    3.0328    4.3830    6.1796    4.1784    3.7424
3.1997    7.0914    5.8816    4.5715    4.6630    4.1423    5.1339    2.9851    4.5006
1.8568    9.6457    1.6861    3.6035    2.9866    2.1496    4.5887    3.4253    5.4034
3.5967    6.9440    5.3219    1.5306    3.0634    1.9954    5.6592    2.6251    2.8048
1.4074    6.7358    2.5506    2.0057    3.8587    1.2770    4.7395    4.4362    4.9616
1.4778    6.2380    3.6646    3.2330    3.2630    3.1395    4.1103    2.5467    3.5601
6.9443    6.3465    7.7151    1.8029    3.5377    2.4779    5.4942    4.3874    3.5559
4.7452    6.9085    3.8773    2.6057    3.0575    2.8023    6.1682    2.0418    2.7630
3.4291    7.8400    3.8656    2.6387    5.5122    1.5710    5.6371    3.1525    4.1256
3.4641    6.4227    4.5596    7.4954   10.0000    2.7306    4.8856    2.3066    3.3076
2.6664    6.5982    3.2149    4.4199    3.9917    3.2106    5.4158    2.2142    3.0214
7.0831    8.8254   10.0000    2.9321    4.9499    3.2377    4.8611    1.9343    4.7229
2.6327    7.2383    2.7493    9.9317    7.8850    3.2691    5.3280    5.7947    3.6242
2.7301    9.8783    3.5975    3.9518    6.8838    1.7968    3.7946    2.7656    5.0361
5.2887    7.8296    5.0818    1.8012    4.1161    1.7013    4.8348    2.9698    4.4666
5.7589    6.7521    6.3015    2.6159    5.1725    2.2183    5.2474    4.3859    4.2731
10.0000   10.0000    9.9224    6.6410    6.5984    5.4832    4.6707    1.0446    8.9666